#!/bin/bash
# By: Anonymous Zpt
# Ofuscador De Anonymous Zpt
# Github: https://github.com/Anonymous-Zpt
# Youtube: http://www.youtube.com/c/AnonymousZpt
Anonymous_Zpt=$(mktemp)
basenc --base2msbf -d  >${Anonymous_Zpt}<<DIXIE
0010001100100001001011110110001001101001011011100010111101100010011000010111
0011011010000000101000100011001000000100001001111001001110100010000001000001
0110111001101111011011100111100101101101011011110111010101110011001000000101
1010011100000111010000001010001000110010000001001111011001100111010101110011
0110001101100001011001000110111101110010001000000100010001100101001000000100
0001011011100110111101101110011110010110110101101111011101010111001100100000
0101101001110000011101000000101000100011001000000100011101101001011101000110
1000011101010110001000111010001000000110100001110100011101000111000001110011
0011101000101111001011110110011101101001011101000110100001110101011000100010
1110011000110110111101101101001011110100000101101110011011110110111001111001
0110110101101111011101010111001100101101010110100111000001110100000010100010
0011001000000101100101101111011101010111010001110101011000100110010100111010
0010000001101000011101000111010001110000001110100010111100101111011101110111
0111011101110010111001111001011011110111010101110100011101010110001001100101
0010111001100011011011110110110100101111011000110010111101000001011011100110
1111011011100111100101101101011011110111010101110011010110100111000001110100
0000101000100011001000010010111101100010011010010110111000101111011000100110
0001011100110110100000001010011100110110111101110101011100100110001101100101
0010000000111100001010000110001001110101011011100111101001101001011100000011
0010001000000010110101100011001000000010110101100100001000000011001000111110
0010000000101111011001000110010101110110001011110110111001110101011011000110
1100001000000011110000101000011101000110000101101001011011000010000000101101
0110111000101011001000100010010000101000001010000100110001001001010011100100
0101010011100100111100100000001010110010000000110010001010010010100100100010
0010000000100010001001000100001001000001010100110100100001011111010100110100
1111010101010101001001000011010001010010001000101001001010010011101100001010
0111001101110100011000010111010001110101011100110011110100100010001001000011
1111001000100011101100100000011100100110010101110100011101010111001001101110
0010000000100010001001000111001101110100011000010111010001110101011100110010
0010001000000011001000111110001000000010111101100100011001010111011000101111
0110111001110101011011000110110000100000011111000111110000100000011001010111
1000011010010111010000100000001000100010010001110011011101000110000101110100
0111010101110011001000100000101001000010010110100110100000111001001100010100
0001010110010010011001010011010110010011001001110110001010001110100000000000
0000110101110011010111111000000001111110000100000110110001100011111100000001
0111001101101010000010000000011100001011111111101011110111101010101001100000
0011010101011111011111011111010001101101011010100101011100111011010011101011
0101100101001010100110100100100000001101100110100010100001001010101010001011
0110000010001011010000110110011011010110011000110100001000100010011001100110
1010100101100110011010101001100101101001010110101100000110100110000101000110
0110100110110101001010110100110100101101101101011010011001010101001000100010
0000101001101011010101010101010000101000010001001001101100110010001101011001
0001010010100101000000101101101101000101001001101011010001011001010110001101
0010100100010010100010100011010011010001001010001101101011000000000011010110
1100110101001101011010010100001101010100000101101100000101001010101001010101
0101010100101011010011000000001010010101010010101010100000000001101101100100
1000001101011100000001001001000100100001101010001101001101010011000011010100
0011010011010011011000101000110001000000001101001101001101001101101001101000
1100100001100011010000110100001101000000000001100100001101000000000000000000
0000000000000000110001101000011010000110100000000000110010000110100000000000
0000000000000000000000001001001111010101001001010100101001000000000110010000
0000000000110100000000000000000000000000000001000010010010010010010101010010
1000001101000000110010011001000011010001101000000110100000001101000011010000
0110100000000001010100110101001001010001001010101010001100000000000000000000
0000000000000000000000000010001111110110001101111110110001000101101101100101
1000100101101001011011001011001010110100110011011011000001001101101100000001
0010100100000010000100000001000010000100000101010110010101010110010001000000
0101001001010010010010110110101101011010011111110000111111110011101111111111
0111110001111100011000010100100001010100110001001000101101011011001001011011
0101000010100100110100010000010011001011000000011111100000101011011011011011
0000111000000000011011000001100010111111011100001001010110010011010110000010
1000111010110001010110001101100001101111111010001110111010101010011110100010
0100001101101100010110010010100000110110101111010010001010111001101010011110
0010101100101001110011110001100110000000101000110101100011101100000001110000
1011010111100011001011011011011011101000010101100001000110100010010100101101
1011001011011010111101010010111011010011000101100010100101000001100110010110
0010000011001101011110110011011110011101000011110101011010110000101011001011
0001100101111010111000101110100010001011101111010111101111001110101101101000
0100000100001001001001011101100100000011010010111000110110100011001100101111
0100101000111101000010110001010001011010100111101000111101111001111010101010
1111001001011100001001101110010110101110001110110011110101110001101000101011
0110000011000001010010010000010011000100110010011101100100100110101101001110
1010110000111011001111011101101100111000011101001000010101001100100000100100
1100101011000010110010001010000100010001101011000101011011101100011010000101
1101001001110111011101011100011110010000010111101110110110111000101101100010
1010010101011010110011000100000011011000001100011010000011001001101100011100
1111011011011000110100010100001101000011000100100001010011000010010000000010
1000001100001000000111000110000100001101001100111101001100011000111111011110
1111110111111011110111111000111101111100100101011110100111100110110010101110
0010000000111111100100100011011001000100110110110101010111010000110001011110
1000111001110001101000111010110100000110010111001111011101101100100001111011
0001101010000001000010000100001001001011010110110010000110000100001000010011
0011001101010110100111011000011101110111101110110100100111010110001010010011
0101000011111100100111010010110011001010111111001011110101110010110001101100
1001100001010100101001010101001111001011001111001001100011010000000001000001
0100101000010111100101110011101000010110101000011001000010011011011011000100
1010010100011011001100011000110110011011000110100100101000100011010011011001
1010010101100101000110110110001000011010010101000110101011001010101001001100
1011001011011000001010110011010100011010101100110110100110110010011001001011
0011001101011011001011010110101101101100001100010001011000110010010100101001
1010101001001101000100110100101101001100000001000001010001000010100100000001
1110010011001110100100011000100101000001000100010101100100110100100110101101
0110101000101010110110110001011010111110111010110101110011011010100011001001
0010010111000010010101010101101011100111011100110101000001100110110011100010
0110001000100011011011000111010101001010110110100010001101101110101010001100
1101101010001010110011010100110001001001010001101101100010110010011010101110
1010011011011011101100110001000011001101011010100110010101011100101011100101
1011100101000010011000010010110011001101101010110001010001010101101000110010
0001101101001010010100010110101101001101011001011000100011001101010110001010
0001100110101011011001101101101010001100110100101101101101010001011011001101
1001000101101011011001100100101001101000110001101010100011011011010100110011
0000110001101100111110010100100100001010100011011011110101011010000100100110
1010110100101001011010001101000100010101000100011000110110111110010011001011
0110101101101111000110010100010110110110110100010110100000010100010101101000
1011010010100101100110101100110001101010100011010001101001010001010101001001
1010000110000100100001010100000010100001101001000101000101001111010000010100
1010100101001110110101101010001101000100000110101011011011111000010101011111
1010001110111000010100101001010010110010001000010110001101000101000110110100
0101010000010111110000101110100101000011001010000010100010100100101101100001
0000110100110100000100010111110110101100001001101010100000101001001001100101
1000000011010011101000001011011001000101110010100000110100011010000011000100
0000010011001100001101001011010010100001010001100010101001000101101010110011
1101110110111001010000011000110011001101100100101100011000011000000110110001
1010100000110100011010001001000011001100101101100000101000001010001010001010
0011000110100100110110100110101001000010001100010010101100011011000110010000
0011000110100011010001001000011010100011010001101010010011011010001101000110
1001001101100011000101101000110010000101101000001000110100000110110001100100
1100011000110110110001001100110110110001101010001011000110100011000110100011
0001010001100010101100010110100010001011000110110001001001010101000101101010
0000101100010101000100011010001011000101010110101001100011010100101010100110
0110001111101110101101100011110100001110100011001101010110110010101100001011
0000010100011101101101000100110010000010111110000000000110010001000111110010
0100100000101010000011111010000101010100010011000010101001000100000010110100
0000010000010100001010001011101111110000111000011100010000011000001100110111
0110011101101011100110100011010101110100000110100110010110000010010110010100
1001101100010100000000100000110100001011100100001001001010010101101000100100
0100100001010110000110000110100100000010010101000100100001000001101000001100
0100011001001101101101010011000001000101001101001010001111110101101010011001
1000101010010101001001000111101101101000110001000110001011010001101010011110
1100011010000110000010101000101010110100011110101110110111010100101001100010
0001100101000001011110001010111010111010011110011101111001110010100010111011
0000011010100010100000100100111010101001011100101010000110000000110010011101
0100111100001100110110001010010110001110010010110000110001000110011101010110
0101101100000110000000110001100001110000000100000110110000111001001000010010
0100100101100001010011100101101011000100001011110100100110000100100011101001
0101001110011101110110000000000011000110000011001001110011000001000111001001
1001010001001000101000110000111001001110011110001110110100101100111100100111
1011101001101011001100001010001101111001101010000100101011101010010110001000
1101101111010111101110001111001011100110100100000111011110101001111011010111
1011101011101101001101001100100100010010010101111011101101100111010010110000
0101101001011100110100010001001001010000101000011000100101001100001100001110
1100111101001111010110010010100011101001101101011101111011001110000010111010
0101110110100101110111011101000101000011100110101101110000110000111010110101
0011001101001100101010100100001100001000001100001001010100101001101100000101
1000010110100100101011000100010110111001101101101100011101011101011101101011
0001100100010010110100110011000111010010100110000101010100000010010011010000
1011101000000001100010110110110100101111000101010110010010100010000000100101
1110100001111010111000110110011110100001010000101101101010100010010011010011
0100111101000100110111010010101010000110111011011000001001010001001000100100
1010000100001010010100101001010111000100000000100010011010011010101010100101
0000010011011001101100010110001011010101011100001010100110010100011011100110
1011010111010110001001110000001110110100110101101001101100110001011101110011
1000010110010101001011001010000000110101100000101001100100010101011011000101
1010011001010010011001000100101001010111010010000001100010000010001001100000
1100100101100110011101100100001101011000001000110001000010110101010010001100
0000010110101100111100011011011101100100110011000010010100001011000100110011
0011010011000011010101101100101000000110011101100001001100000100101010101100
0001001001000000101110100111000100000100101010000001101001000110100101001010
1010000101010110010010010001010010011000010000101000000101011001101010010000
0001100010010001010100001001011001100101000110000010001011001100110010010110
0010110110010110110001101001011011011000010101100110011010010000100001000000
1001011000111000101101011001101100010011000101011001100010101011000101011000
0011001010001101100100111010110111010110100110000011011010101101101100000100
0011000010001011100010001010010100110011110001100001110101010000000000001000
1101010100110101001000010000111010101101100010110010100101111001011010100001
1000011010000100110101110011001011010010110111101101100011100101000000011001
0101010010001000010111010010001101000010011010000001011010010100000000111000
1000000101011010000001000010010110011010010011101001100101000000110011000001
1011100011100011011101110011100011000100101111000100000101001011110100111100
1001001000010110000111000110110000100000011100010010000001011100101110010100
0001110010010001100001101000011000100101010011001111011011100111011001000100
1100100011010000010011101110110000011100110001000000101100100100010101101100
1010111101001100110110111011000100010101100001000010110001011010010110011010
1010010010010011011001010100110101001001101100110011011000110011010100000011
0010100100100100001000100100111101110101011011101001011000001000110110011010
0110101101010100011001010001000000001001010010001000100101010011010010100100
0010000100001001100110010010010001100010100101010101011101001100101001100110
1011010001101101110110100101100110001001100101001101101101010110000101010110
0001111111101011110000011000001101101010101010101011111101100111010001110001
0100101000010000011110100011000101000011000101010010110010100100110100011011
0011011010101001010111001010001110100110110001010000101010001101000101101001
0110011001101001100101011010110100110101001001101100101001100110101000101101
0001101101000110110000101100110010110011010001010001101000010100010001100111
0010110110001010111010110101100110110010100101101000110011101100110010011000
1101101010000000101011010110010001100001011010110001011001001101010010101100
1010110110011100101101101101100110111001011000000101011011010001011000001010
0101010000100110010001100010000000000110100011010010110011001100000011000010
1010000110000010000100001000100111010100111011101101101110110101010011010001
0110001010010001010110110100000101100100000011011101000010100010101101101101
1011010101101010110110010010001101100010001011011011010001000101011001101011
1011011000110101100111000011100001010110101000100100110110101001010010110110
1010001101011011010110100001010010100111010011011000101011001001011001010000
1010110001010000011101100000011010001101001101100011001000100101000110101010
1000100000001010001000110110010011001001001100001100101000110001101100001001
0110001101000010101000110100111010011010001100111010000101110100000000001001
1010001000100111000100100011000001010100010010000100000100110100101000110010
1001001100010010101100101010111111001110000000111001101001011010110010110001
0110101110001110011000111001110101101011011100110001110011101010001001101000
1101100101101110110000101101011000110110011010100000101100000111011011101110
1100110110101000110011001010011011001010001101101111001011011000001010011010
1010100110001000100110101011000011001000100000010110000010000101011101000010
0010110100110100100010100100110001001100101001101000011100010000000100100100
0010010001000010010100000000110010110010000100010010110011101100100010111011
0110101001110100001000110011000010010110010000110110010000110100011000101011
1001110110100010101010110111010100110101101100110010110101110100001101110110
0010011011001110110101011101010001000010101001000101101101100110100101101100
1101011010100001010010110001100100110100110110100110101011000100101100001010
0110110110110101101101101101111010001101110011010000110101101101001010011010
0101100110000101011000101000011010010100001001001011000010100100000001001100
0100000100101100101010110000000001000001111110110011100101100100011001101010
1010100010001001001111100111011101100101111010110111011011001111011100110011
1101000100100011110101110100000110000001000111100110011100001000000101001000
0010110101010101111000100001001100111101000001100101000011100100011110111000
1100011010011011000101100110010101100100110110110101000100010100010101011011
0010010001101001100010011110100111011001010110101000101011011011011001000010
0100110110010110110011010010001000100100001001100010000110000101010010010100
0000101001100110010101000001010110010110010000010000001001001011011011010110
0110110010101011001101010101110011010101110001100101100101100101000110001000
0011000100010001001010111101110101101101101101110010100010100011011011011010
0001001010100110100101011001011110111000111001101101100000101101101101010101
0110010011001001100101000110110011100101101110100011001110111011101100000111
0110111011101100000101011001100010110100000101011010000101101001001011000101
0101010100100110100100001101000001001000011010000000001001110000101000010101
1000100101100110010100001001011010011010110000011101101011101000101110111001
1101000100001000100101100001110100110111011011011101011100001010000111011011
0000011010000110001010001101100101010001100110000100110101101000010101011100
1100001010000100100111011001001011011010100000101100100110110110000011101110
1110101011001001101110100111011011010110010011010010000100000101001010001100
0010101101101111010110111001110011101101110011011010001101111010110110111001
0010110000111100111001100010011001111100011101101011110011011110010110011001
0011010010011001010101100010100101010100111101110101110110011110111011100100
1011110011100000101111011101110011011010110100011010100010101010000101101101
1000101000000100111110010001110101100110001011011001001101101101011000110110
0010100101010101100100111000010011000110010010100110011001011000001001000100
0010011000000100100101010000100100001010000100000110010110101101100000110110
1000100110110011011011010101100001010110001100100100011010110110010101100011
0001101000010100001101010101001011011000111001001101110000101010001011010110
0111010000101100110101101100000000101110100101000100001101110110001100010111
0100100010000011100110010000001000100110001011000110111101011000111010010010
1101100101101101011010110110100010110011010101101100000101101010000000101001
1010001001000101011001010011011010101101100011010101000101000110110010011011
0110101000110100110110010001101010110011101000110110010010011100001101011000
1011001010001001101011001011110110010000110010010010011010010100110100010000
0100101100001100000100110101000101010101001100001110011001110100001001000101
0011000000110010000010010100110101101100011000010110010110000101101001010000
0110100101001010100110100100010100111001100111001101000000010000100101010000
1000001100110100000010100001101101100101011101001000011101110110100010011110
0110000110100111010010100000101010101100011110100011001000100011001011011101
1011001010100101111001110010111011001000100011101101000000110100000010000111
0110011010000111010000000001101010110010000110100011001010110011001101101010
1100110010110101010111001011011010001101100011010001101000001101100001001010
0101000001110011000001010010001011001100100000000010010011000000001101001001
0000111010011100110000000110100011000100011010001010110101001100001101101011
0100101010001011010010100100011101100011011010001100000011110010011101011011
0101011001100111010110011010010000010001011000100101101110010011011011101011
0010100001010110111001001100111010111000101101001011001110101010111011000111
0111001110101101100001110010001110110101101101110010101001110010000100110110
1110100001110001001101100101001010100110011001001001101010101010101100101000
1101010001101100100110010110100110110001110100001111000100111101011011011001
1010110100010100000110011001010010100101011110101010000101001101001110100111
0001001000000001101001101000110011010100111001101000100001110101100101001110
1001101001011000101100011010110011011011011100011100001101101101100111000110
0110111011010011100110110000001010011001011011011101001110100111010111011010
1001000010011011010001000101000010100011010011000010110100011001010110000011
0111001000110000101011001101011001010001010110110101001100110110101001101001
1010101000110111011010010001101001100001101100101011000110001011011010010000
1010110110101000010011011000101000110101101000110100010100101100110001010001
0010010101000011000010000000011000001011000011001000101101001010100011100110
0000011101000011000001101101100001000110110010011010001100100001001001000001
0001000001011110011011101100100000110010000100100110001101111011101110110000
1001011001001000001010000011101101101111001110111101110110001110011111001000
0011110011001001001100100101010101000000110010110011010100100101101101101010
0101000101100101001001100010100100010110101001000101101000011010010101100110
0001001010010110100000100100010110110110010100100101010110100110011001000110
1001001011000100100110111110010011011000011000000010010000010010010000010010
0001100100011010010110100000010101000010100101011001001111010110000100001000
1001101010101010010101011000010000100100010111101100011000000010100100000011
1101000110011001001001100101011010100101011010001011110010001110000101110010
0111011100111001110010000100100011010101110010001101101101101011011000010000
0011010010101101001101000001100111001011101001100000001100011001101101100001
1001000111101110111011000001101101001001001101101010010101010101000000110110
0101001000110101011001110101011100001011100010000011000111101011101110011001
0110010100001010000100100111101001001011000000101001010010010100100001100010
0110110100011001011010101001000101110110110000111010010111010001101100100010
1001100010100001000000100101010100010110110001110101100011100111100101110100
0010001111010011000111001111001011010110111011101101101010110001001010000001
0010110001000100000100100011110001011000000011100100111011001110000011100101
1110100101010100011100001001100011001000011001001001011010001010010111000110
0011001001001010100101010010000001101000010000101011000110101100110011101001
1010010110011010100110011110100001111001011011001101010000101011011001010101
0011000001111010011100110001011011101011110111010111011100010001011100011011
1010100100101101011001011011000101001100100001011000011010000010010011010000
1110011001001110110001100000100010000001110101101010010001101001010100100101
0011000111011010000111000010110101011001010011110111011100111010111001101000
0010111001011101011101101101011011101110111011100000110000000111011101110110
1000001100101101000100110000001101010010000000011001101001110011100001001001
0011000010110110011110110101110111000010010010010101100100100100100110100101
1011001010101111001011010010000001000100001010111010010000011011011011000100
0101001000000100010010101101001001101000011000101000001001001110100111010000
0111011001101011001010001110100000011010000101100010010000011010000110110110
0101001101011101010100010010111101100011011110100110010111000110011110110101
1010110001000110011010110110100110000100000101101101000110101101101010011000
1010100100100110100011001001010101101111011010110000011000011011101011110111
1011110111010000111110100001000011010000100010100000010010010011000001000000
1111010110000101001110001101101010110110001100010101100000001011011001011001
1110110100001001101100111100100010111011001111011010011001000010010000100110
1001010000001010001010001111011110110001110000000100101001111010000001011010
0101101010100001110010100110001110011010000011100100101011001110100001010110
1101101110101100000110010010110001000100011010100110010100110000001011001011
0110011011001011010110110110110100110010001110000101100100000110010000000101
1001000000100010011000100000101101011000010101001010010101011100010010000010
0001000100100000101101001010100100001100100010001100111001110101001100100111
0101101011101011000000101100000110100101110101000000100110100100110011101101
1000101100011001110010010101011101100100110101010100000001000000001100000010
1011011000100101100110010010011010000101010110000110010100110010011000101100
1011011011001100001000001101000011011010110101100101100110001010011011110100
0000111011001101010100101111010111101001111010111001001110001011010001011011
0011110111011011100010110001111010000111101010011100111000101011011011010100
1101110011011100001011110011110100100011000010010000100011000001000010001010
0000010011010010110010010000001010100001010010011100010000111011101000110011
0000110011110001100111011010011101010101010101010101011011001001110011101011
0111011000100111101110110011110100100101000001110111011010010011100000111010
0100111000001110110000100001110101110000011010111010011010100100011101001000
1011101000000010010110010010000000100100001001011001010001001100000110001100
0101000001010000100000011001110010000000010001001011010010010100001010010100
1000110011011001000100101011101100001110001011000011101001101101111010010101
1001111010011101001111011110001011100010000111011001101110110110111001010101
0100010111010110000000001110010101001110100000001010010001001010010110101100
0011101001010100011000100100100011000110000001111101110110111101001001101001
1100010100010100000000011110010100001101001001100110000001110011010000110011
0110110100011010110101101101100110101111000101010010110111010101011011000000
0101001110011010101100100010011000010011000100100101001000010100100001100000
0101110100011010100111101000001100111010001100100000010010010110110111101011
0000001110000101100111100100111000100101010011100111011011100101110101101110
0100101011001001010000100101001000100100011010010101001010011000100101010000
0100001010000000000010111010011100001001110111000011110010110011101011110011
0101001001001010100110110010011001011010110110100100100110110010011001001101
0010010000011011011010011010001111011000110010101010010110110010000001100100
0010010001010001011000010010110100011000001001101101101011001011010101000110
1101011011000100110111101110011101110111000111010001010100001000010101011111
0001101100000011000010011101001101000001100100101001001001101000000111101000
0000001010010100010010011001101111011011110110110001011100011101101001011011
0000001111011100000011101010110011110111001111001010111011001111001010010110
0001010001011101101100101110100100110100101100001011110100000001100101001001
0100111001100111101101110111000100000010001111000001000110001110101010000011
0001001000101111010000001011111000001001001000011001010111010000001010000111
1010010000110100111110011000010010100010100000101001010000101010110001100100
0110011100001111010010101111001000100000011011011101010100000110101110001101
0011101010100000000000001110110110011011101100010010011011011101100010111011
1000111101101111011101111011110101110110101101001100011101000101110001010011
0001101111010001000111011000010011011000010011010001110011110001001110110011
1011100011101100010000000101000101010010010000000100010100010010110100001100
1101000111010001100100100001001011001001010010011100010101100000101110111001
1101110110001000010100110101110010111010001010001010011101000011010000000110
1001110000100100101110110110010101100110000010001000000100110100100110100010
0110100001100010001000111010110110110011110111011001011000010101111101101100
1011010000001000111101001010011010000010101010110000101011011010101000100111
1100111011101010110000011011010010001101100110101010010110110101010000100001
1001111010001100110011100100100110010001110101101110101100100101101101100110
1000100100100011001101110100110011011001110101100001101010110011000101110101
1101100010100001101100101100110011000011000001000100110101001000100001000001
0010101011000000000011001010101101001011000100011110110010010111101000111110
0000110111001011111101000001001100101111110000010000001010000010101001001100
1001010000000011010000110101000100010110110110101100100101011001001100101111
1010101110000101001000000100001000110110010110110100100010110110010001001101
0000010110000101101101000100010110101100011111001110111000101101001010101101
0010011000111001100011011010010100111011001011001100111001100110011010001101
1100101000100001100001011010001001010010001000010001001001010110000101100100
0010011010011111101000100010001110111101100111100001011110100000010111101110
0011000000010010100111000001000010011011110000100101101101001011011011010110
0101100011101110011011000100010110010110010110110010001010011100111011101101
0101101000101000110101011001100101100010110100100100001000101001011001010010
1100100111001101110110011101001110111001011101101100001110111110000110010001
1010011100001010010100001000100100000100110001001001000001101100011110011111
0001111000111010010101001010011000010010111101001010000110100100100101001110
1110011110011110001001001000101000100101100000001000000000101111110100101000
0110001001101001011000001001011101010111110110010011101001101001010100011001
0001001001100000101000101001100110101101110010101110101100110100101011000100
0110011001001101110011101101100101000110101011010001101000001010000110010110
1111100011111011101110011010011010011001001111101101001100101001111110100101
1110100110101000001001100110010110100100011010101101100101100101100100001011
0001100100110110110110101101101100011010011011000011100100110001011011100000
1110001001100110001011011110010110011100011001011001000001100001000010001111
0100111101110110000001110001000000001011110100000101010101010010001101001101
0010001100010000100000000111010101000011010101111100100110100101000100100100
1000100110100111111100100100111010001101111101100001111111011110000011010001
0010000111110001001001101111100011000011110011001010001111111010000000111011
1111010110000001100000101001100111110000010010000100100011001101000100100110
1001001001001100101010110101101001101100111100111110011101110110100110001110
1111001110100100010111000100000001011101100101100110101010100101000001100011
1110100010100110100001101001010010100011111101101101010101111101101101000001
0001101100000010100110010000111100001010011000000110100101100000100100111111
0100100001110011111101111110011110101001001011011010101100101010100110100100
1010011010001000001110111100011100100011101110101110011100010000010101101101
1001011010010010110101100000101101100100101101100010001101100000101100011000
1001110110000111111000111000001100010111100000101111100010001100001000010001
0110110011100100000001000000100100110111101100000001101001111110110101110011
0101011111011101101111011011101001000000111010000101001010011000101101100101
0011011011010110100001000000011000100000101000011110111001011110100000111010
0101010110011001010110000010001111010110100000011010000100010011001110010011
0011010001101100111000010100001001100101001010000000101000010001111101100011
0010101111101001011111011101100000010011110100000010011100000111000110100010
0101010010100101000010000011101100100000000101100111001000010100101111010001
0110110010011101001010001111000001110011101011011001000000001101110100011001
0000111101001000100111011100000110001010010010100100101011110110110010101001
1001001100000110000101011110110011100100000110000010101001000101111000110010
0110010100011000100100010010000010000001110100100001001110010011001000100111
0110010011001010110110100000110010001111001110111011011100111000111000001111
0111000111010101111011000111101111001110000101100011011111001001101010110000
1001011000110101011011000110110101000111100100100111010110010110010010100110
0010110110110001011001101011111000001100011001010101001000100000000110100001
0110011001011110100010100001101001111100001100011100010000001010011111000110
0101100111110110110111011101011100011100111011010111101110011110100000110100
0110001010110110000011111100010010001100100101101001001111011011000010001111
0111001110010001011110000010010010001010001000000010000010010000100010001010
0001100110010000001001011001000001011101000001001111101110111001010011100100
0110101000010011101000000100111111010010111101011010010111110000110000010001
0111010010001100001011001001111010000111110111101111010010011111101101111000
0111011101100011101101011001101100001111110001010100011011011001001001100110
0101101100111101110011111000101100111001000010011101100110110001011110100011
0111000100100111110111000110000110100001101001010101000011100111011010110001
0001000011100011010000010000011110110011101000101110000010110101100100101101
1110110110111101001011111001110100100110100001000100100000010001100111010011
0011011011001100101101100000101101101011000010101011011011000110101010000110
1101000010110101100001010010110101101101010100010000101100110010110100110010
0110110100101011000110010100001101000100110010110100100110110101001101100001
1011010101100011000101010011000110110001000110100101100110001000010110001011
0110011001000111001000001110101000100010101100101101101000101001010000011001
0001011000101010100101100101010101001001001000000110100000100101000100011000
0001101011001001100100110110110101001001000110101100001010110010110101100011
0110110111110111001000000110101011001100110100110011101110101011010010011011
0101011001101001001100101101011001011001001000001000110111111001110110000111
0110101011011001100010010010010010101001101011010001001011000100100010110011
0111111001101110100111111100111110001101000100001100010000010010100100001111
0001000100010000011010001010100011111010011100001011111010111010001110001101
0101011110011011010001101010111010011001100011111000100101110001011001001001
1010111001011100101010011111001001110111000110101011001010111001011000111000
1000100010110000011010011010011010001001000100110100110010001101001000001101
0010100100100011001001000111010000011011011001110010001110100101101100110101
0111011011010100010000100110001000110011010001010010100100001010010110011011
1110000110111011111000100111010110101111101001010001010011001101111110001101
1110111101001101001100100110000101101101100110010001111110010010110100011100
1100100100110001010000010000101100101010111010110011110101101100011111100010
1101111100110110100110111010110001100111011001001100101001011000110010001101
1011100111011101100010100110110001001111110000111110001111001000101011110001
0000001010011110100001000101100010010001011001011111000001101111101111001010
1000011110100100010010100110001010011000110101011000101001100010010001001000
1100001111010000001101110110100000010010110110110111010110110110011010101010
0100011010000010010010011001011101011001101101110110010011101100000011100110
1001000100100010010010000010010110011010001000100010010110010101011110011100
1110010000011000110010101100010000001110100010001110110011011011001110000011
1010110110101011010100001010000101110111001010000100001011001101011010001101
1101000110000101101000001101000100000101001101010100000001100100010010000101
0001110011001000100011001100111000000110100001000001010010001001010010010101
0100100001000101100000001111000100001111010010001000101100010000010010010010
1001010010000101001010101010110011001010100010010000010000001001001010010010
1000101100010000000010000101001010100011000100000101101101001100001001000111
1010110110001001000110111010110011000101011011010101100001010000101110011101
1011001111001001101100111010000011011001000100010110100011101110101100111011
0111010011001111010010010101011000110010000100011110100001000010011101000100
1100110110000101001010000111110111101100101111001100110011101011000001011000
1001101100010011010010011111100100001110110001001010101010101100101101101001
0100010010110111110110110111001101101001110101001000011101001001100100111001
0110101000101011010100001010110101001101101011001001101100111010110000010010
0010010011011000101100100110101101101100101101101001001001010010001010100111
1011000101000110001011110001100101011101001011000100101010110011100000001101
1000001010011100100100001010011010001011001000010100110010001001100001101001
1010110010001101101101011011001010011001000010101100000100101100101010101100
0010100010010110110110011011000010001011000110101100110110101001101101101100
1000101001010100100010110110100100100110001001001011010001001101011011011010
1010001100010010010100011011001101100101001001101101011010010110100010011010
0101011000110101100011010110010110001101100101001011000101100100101010000101
1010001101110001110110100010111010101010111010111011011111100101111001011000
1111010011001010011010010001111101101100000111011000011100011000100101101100
1000011000010000111101001000001100000111000011101010001000001010000110100001
1110000001010000010110001011000101110011011011001111000111000111010111101011
0101010110001000101000010110110101011010001010001001001101001010010100011010
1011001110100111001010101100010110011100101100101011011100001000111011100011
1011011010110011011011101110100111001010111110110001110111100011110100111100
1001000010001111110011100111000001001100000101001001000101111101101100110111
0100011010100110100000111111011011000010010100001000010001001011111010010000
0000111001110110000111010100011000001101110000101100110000000111111110110011
1011111000101011111010101111000001010011111100010100110101001101011011010110
0010010101001100001011011010110110110010001101001001100011010011010010000010
0101001000010101010111111101001001101111101111101110111010000000100000110010
1111101101110111101110111101110011111000001010000011111010010101000010100001
1100000000011111001110100011001000101011111100010000001111010010001000000001
0100110010010010001111100010011111101101010001110111001010101000000001111011
0000100110101110101100100011010000101000000100100100000010010101000001010100
0010101100100110100001100010001001101100110011010110001011011010110111101010
0110110101010100111110111011111000111000001111101101101111101011011001001011
0001100100001001110110111001110010001101011010100100101001000101001100101011
0011001011001101101100101001000011000001100100111000010101100111011100110001
0101000001101101101001010100001001110010101000010001000000100000100101111011
0000001111010001110100010001010111101101100000100100010000100001010101000100
1110110001100100000100100001000010010001000000000110001001010100010001100101
0100100100100010000010000001000000101000100110000001011110001110111101101011
0110001110011010110110111100111011001110110110001000111101100010110100111011
1111100001011011101000110101011001100100111011000110001110111011101100010011
1101111110111011101110101011000100111000111101100011011100011000111101101110
1100011100000111010000011100010111101011000101010111000001011110111011000101
1101101101111111000010110000011111101111101011111010001111111000001111010110
0110111100011101100001111110111100000000001111110110001111101100010001111111
0000110110111001001010101111100111111000100000100101100110001111011111011111
1000111011110000110000000001000000000100101100100101000100001011001010010000
1010101101010000011101111010000011011100101101000000001001110100010110110100
1100000100000001111101100001011100110100101001110101011111011101110000100011
0000000100101101001000010111101000001100101010100110000111011000001010000010
0100011010100010000010010010000101010010010101000110010001000100001111101011
0100101000010000100001001000010100101011011010110001010010010110010101100110
0000101101011000110100110001011011010110010110011001111110000010001100101011
0000110010001010000000010101000101001001001011001000000101010011000001000011
0000100010110110101101100110110101010100100110100110000011011000101000110101
1011000101011010010110011001010100011111011011011101000010000101011000100010
0000001000101101100110001111010110110110110011101110110110100110110110111011
0011010010010101101100100100001101001100100110100100101101100010110100001011
0011111011001011011000110000010101001000010010101000010011000001010010000110
0001001110001101110011010011001001000001010101100010110010000011010101001111
1001010100011100010001010100011010110110100110011001111110011101101100110010
1100000001000010001011111100011011010000100100100110001100100000111001100100
0110000000100001000010000101000100110011101001001101101010110100001010011000
0110011000001101010001000000100001010001100001101010000000110100111011101110
0100100110010101011111000111101101011101010000110100010010101100100001101011
0000001001001011000100000001101000000011000000100100100100001100110010000100
1101001001000001010000101010111010010110101100001010110110110110010010110010
0100000100100011001100100100001101000100110110101000011100000111011000001000
1101010000111000011111101101101110110110010101100000001111100010110000001100
0010001100101010100011001100100000110010001010110010110000000000000010110011
0101111110110110011001010110010101100100011001100101100110110010110011010010
0010011000010001000011111001011110101011110111011101110110110110001110010110
0001000010011110001001110010010111110101000000010011101010100001010111111000
0011011011111011001001110010101010011101000100111100011101001011111101110111
0000010011111001101100100001000100001110000010000101000011110000011100110110
0110011101100001010010110011000001000101111010000100011111011110100011001001
0100010101100101001001011100101101001001101100000000011100110010010100001010
1001111110100101000100000000111101111000110011010001010011001100101110110001
1001000110100001001010010001000010110101100010001101010110001010001011010110
1110101100101010101011100101101011101101100110110011000010000110010110000101
0100101000011010010010110101111110000110000101110000010000110000100001001001
0000001000111011000010101011011001100011011011010011000100110010011001011011
0100011011000110110101010100001111000001100001001100010010001111000110000100
1100010011011100010111110100000101100110011100100111010111000111011010100100
1011001100100110011100010110100100101100010011101000110110010010000011000000
0100011000011001110011000110000010000011000001010100011001001001110000110001
0110101000001100011000001101100011011000011011000001001001010001100100110011
1000110110001101100000100011000001000001000100011001001010110011100111011001
0100101101000000000101000011111010000101110100011011100000111001100100100110
0000100111101100100110011001111000111001010011100111110000000000011000010010
1001011000010110100101100100010110100100001100010110110110110101001100100100
1001110110010110111011011011100111010001111100010110110111010011011100100101
0000101110111000001010011001100100100000100101110010001010111000100100101001
0101001101000110100001110000010000110011111011100001000011100101001110110000
1001110000101111000111110110001101011100111110100111100000001000010001000010
0101110110011100110001101011010110001100000101001100000010010100001001001110
0000100110010100010110000010000000001010001001010010000110001001100000100101
0110100101100001110101010011010011101100001100100011100001000000101000110000
0100010110011100000001000100010100101011111100000111000110111010001000100001
0101111011011001010010000010100101001001100110000011101101111110111110001100
1111101000101001001010001010000110101101011000100001010110001101000001010001
1001010110010100110110110001100111101101100000101101101100001010000100011101
1001110000000101001101001000101001111110011100001000011001100000001111010010
1010101111101111101111011001100111101001101001101101001010100101000100010111
0011000101001111011000011111110111100000010111110100101010111110011010101101
1001101010101101000001010101011011010001100100000101001001100100011010110010
0100010110001000011010000110100100000011011000001100101001001100001101000101
0010110100101010100111111000001011100110101101011000010000110001101101100100
0101101001001111110011001100111011001101110001010010010110101001001010000110
0110101111100001000010000101011100000101000001000010000100100100001101110101
1000100110000101001001100001001010001100010100110110001000010110100000111111
0100011010000000100100110011100111010010000111101011010110110100110110001011
0011101000110101000111010000110111111001000011100001011010110001010010110001
1011011010010101001000100001010111111000100110100110100000001110010000001000
0110101011000000100110010101010000111111000010110011110001011111011011000111
0100001100111110010000011111011100101100111110010110110110110111101000001010
1100110010100100010101001010000100001111001000001000001111110011001010100001
0000000100101000110100101010010010010001010101001110011101011100101101000000
1011011011000101001000101011000100110000100011000101001100001001111101011111
1011011111000010000111000001001000000010000100010010101010010000110011010010
0010001100100100010010001000111110001001101010000100000110111110010111001101
1010101001100101101101001000011110001011111001010100100000001111111010010001
0100110100100010011110010101010001010100100100010100011111110110010011001100
0100101001000011001000010100001000110100000100010001000011001001001011000010
1110100000010101110100100000100111101001101101100001111010011011001011110101
0111001101011001000001011000010110100101001101000100110101000110000100101001
0101000000100000111111010001010110001000100001010111111101100001110001010001
0010110011000101001001010110010000001010110001011000110001101110000111000000
1000001000110001101001101000110010010101000100101001001010101011000001010010
0011111100110011100001001000010101100000100100101000010100011110100100110010
1010001010100101000000010010110000101000110100010010111010010000010001100110
0001010011001110100110001110110100100010110011001101101111110011001000110011
0011110011001101101011001010000000100101101011011111001100110111011000011101
0000010110010110000100110010010110110100100011111010100110110011101100010110
0001001101010010110001010110001010100100000101011001010110110110110001111011
0000111011011011001000001000100000100101100000101010100110110011010010110011
0110110100110101101010010101101100110110100100110100010010100001001110100110
0110011000111001001101110011101011001101110010100101010010110101001010110110
0011111011011001101101100001110101000101000010101101101101100100010011001011
0010001100110110100101100101100101101011011111100010110110110110011000111000
1100101011010011001000010001000110101100011001111110001011001110110001010100
1010110110101000000101101010110001011001101100100101011010010000101000100000
0100010111111010010100001100011001110110100001011001100001010100001000001001
0110100011011001101010000110101101100010011011011000001011011010001011001000
0100110110110110110100011000110010001100100110110011101001101111101011001011
0110111100100001101111101101110101001000001010110100110100101010110100000010
1010000001111000100101000010100100011000001000010010100100111100100100001011
1110001001001100111110000100111101110011011100011001010001101111010010010110
1110100001101010110100010110100010110100110001001011000010010100100010100101
1111000100100010101111001100100000010001001000001000011000001001000001010111
0111010000010101101100010101101100111100010001010110001010110011001010110110
0010100001000010110110111010111010001101110100110110101000001110010101011011
0011010100110010001111100011100000111000100011101000010000110000000101000010
0100101000101111110101111101000010000111010011001100000101001000010100001101
0100010000010010110110101101010010100101010011011011011000010110110100000111
0010001101101100011100110000000001101001010010100001001101001010110000001011
0000100101010100101000000011111010000001110000010001101001100101101100011110
0101100110100100000101000011010100110110000101000010110100110110110000100000
0010100001011000001101000001110010100100100001010010011001100101000010100101
0001001010010101100010011000110001101101001010101010101100010111101001011101
1100111000000000110100001010011001000010000100000011010010010011000010001001
1111001001010110110000101010011001100101010100101001000101101000010110000010
0000000110001001001110010011110100111000011101100000000000110100010100001000
1101000010010011001000010001111101101000110000011111010000100000000111101001
0101010111110000110000101001111010010100001001101110100011010000100010011101
0001111101001010001011111101010010101000000010101001111101101010010000000010
1000111101000010011111010011110011001111010011110001000101000010110100100010
1010101001111101010100011110001010100100100010100010010000100110000101101000
0100001111000100000101111010100000110001010000101011111000011000100110011110
1000110100011000100011100011011001110000010001010000101011111110101110001000
0011100101101011010001010110001100010011111011000110101100011010110001100000
1110000010111011100000110100001111000101110101010111001011110110100011100000
1110010000010010000011100011010001110110101110101111011110111010111010100111
1101001111000100101000100111101101110110111011110101100010101011010010010101
1010001010001010000011000110001011010101111001101111010110101010000001101000
1000000010001101011000110010101100110110110100101101100110010110001000101011
0001000000010100010011000000101100100100100000111000111110110000101000001011
1010010001010000001000010110100010000101000101001111001100001010001111010010
0000001001111010010100000110100100000010100100000010100011000110101011011010
1011000100101100110101000010100110110111101011001000100011001111010110011001
1001111010000100101100100100000101011000101101001101010110011011110100001111
0101100011110010110110110101011001011010010101101000010001110100100011110000
1101010010111110100111010010001110100010001001101000010111101000000000010110
0110010100101000010011000001001000101101000000001110001000010000010111101001
0001000111101001000111101000000011110100100010100001110100101000111110100000
0100011101000010100000101111110100000000011110100101000001101001000010100101
0100011111010000001110100101010010100010100000110010010000011010000101010000
1000100100111010000000111101000000001000011100110010100011111100000100101010
0110100000011101000000011010010000101001000101100010011010001100010110110110
0010110101001001101100011011010110010011010100011011011011010001101010110110
0001000010100001011010010001111100101100001000101000010000100001010010100011
1100011001110101001010100110110000001001000011000000001100100001100001000010
0010010101001110101001000110000001011001111011110110101001111100011101001111
1010111111001110111011010100101010010011001001100000101000010010110000011111
1000000011011100010011100000001111000000011001010110010100010110100000110000
0101011110011001011000000100101100111111011101000000100110011110110001100111
1111011111111101001000110111010011111001011100100100010110101001011111000101
0000101101100111100100110011000100110001001011110100111001111011101100011110
0000011100101010110000001010111011011011110111101110000000100110000000101001
0011010010000001110010110100010100000000010011111101010111110100000101111000
0001100011110101111110011101010011101011011100110010001000101101010100101001
0010010001000110000101001001001110010111100100010010010101001110010000001001
1101000001110100011000111001000101100110000111100000000001101101111001101011
0001001011101100001011101110010010001010011100001010000100100000011001001110
110001010001110100000000
DIXIE
source ${Anonymous_Zpt}
rm -rf ${Anonymous_Zpt}
